(69,-73.91513134072308,40.83058287371743)
(244,-73.94325607354216,40.84284998700479)
(151,-73.97100993152024,40.7993770621872)
(56,-73.85660822876817,40.74079142991454)
(223,-73.89569965177398,40.782078492613536)
(176,-74.12135895690838,40.56455419509825)
(108,-73.98862023769573,40.586562108828076)
(141,-73.96011264961102,40.765619987314714)
(95,-73.84478828390044,40.72127900116013)
(146,-73.93579074172052,40.753119915941085)
(194,-73.92573914151377,40.79182861039341)
(42,-73.9370746563841,40.826384446033764)
(3,-73.8465098633635,40.864294038404864)
(22,-73.99579855752069,40.60880523078703)
(51,-73.83037051104496,40.87553226434225)
(121,-73.80535975342914,40.72835742080354)
(64,-73.74863380292759,40.762635629043594)
(212,-73.86816614097555,40.82796669213)
(159,-73.91345145068446,40.819890777201245)
(179,-73.93012305797602,40.772395102261086)
(59,-73.89505101724278,40.837955176214194)
(48,-73.99074395346146,40.76139808919221)
(250,-73.84496166598413,40.834344459303914)
(78,-73.88120190706479,40.843782843908016)
(21,-73.99043980619615,40.596885770344926)
(53,-73.85097109565541,40.78322002854009)
(39,-73.89177391794452,40.64239256883902)
(169,-73.90635890451844,40.84814861093819)
(74,-73.93475989919787,40.80511849927122)
(210,-73.93013717269702,40.5900037711289)
(45,-73.9980492213935,40.71156838061706)
(11,-74.00902265466559,40.60269195902147)
(35,-73.91032893203258,40.663990621307086)
(127,-73.9171501647684,40.86307531585826)
(206,-74.0999403212691,40.64055721778457)
(256,-73.96294028477239,40.71073579169563)
(262,-73.94530636244005,40.77758254722725)
(86,-73.75755779860958,40.60271690157603)
(170,-73.97830323301744,40.747472556701666)
(44,-74.23734818312747,40.529939284356956)
(200,-73.90818464748966,40.8989488341632)
(50,-73.99747392973036,40.76783757642027)
(195,-74.01303185738682,40.67444683810141)
(113,-73.99420245699989,40.73190725302693)
(259,-73.85363505790906,40.900107387748804)
(109,-74.14351665280611,40.543050553209525)
(98,-73.77490131094916,40.73196585385928)
(96,-73.86420961517386,40.69980487998142)
(29,-73.96050734707576,40.57993399288159)
(197,-73.82909581332206,40.695485450758305)
(100,-73.98871599355992,40.75338644003991)
(132,-73.78429577652135,40.639089378461996)
(242,-73.84922971365067,40.848513949686435)
(36,-73.91683429697895,40.69925991247543)
(81,-73.83102438063446,40.88165589514084)
(142,-73.98229597835798,40.77131375940732)
(79,-73.98648683022024,40.72675919871179)
(260,-73.90590742873157,40.746438543566065)
(162,-73.97262465557134,40.756517096203986)
(93,-73.84589608690189,40.7475193542386)
(33,-73.99550145502987,40.69696427095926)
(138,-73.87122433294526,40.774283765675456)
(234,-73.99013084814274,40.73930962587746)
(218,-73.77276119912626,40.67293090829466)
(49,-73.96138225466316,40.69025446809173)
(34,-73.97379774982451,40.70252798991537)
(140,-73.95571997200136,40.76390679108292)
(20,-73.88536610645447,40.85894073699993)
(19,-73.72886971018568,40.73468188788073)
(201,-73.83824585815488,40.57875329234348)
(251,-74.12607421786721,40.616502746421695)
(46,-73.78577185653363,40.859484760579726)
(131,-73.77782421038718,40.71954553290466)
(17,-73.9503161777868,40.6923989522704)
(133,-73.97651004580256,40.64073359643413)
(107,-73.98426922264278,40.73670614808919)
(203,-73.74492430236542,40.6440908840353)
(6,-74.07174675600425,40.60111748548471)
(185,-73.85295520236144,40.854369758123)
(222,-73.88352285074086,40.644448774782866)
(184,-73.8065639050828,40.86105686412972)
(65,-73.98523801364169,40.69587050154471)
(97,-73.97761243126776,40.69157651433026)
(115,-74.08447422989715,40.61892170080833)
(225,-73.93046973359647,40.68873732053206)
(82,-73.87952011564641,40.737206099073184)
(31,-73.87512407634516,40.86031038346422)
(175,-73.75525834025697,40.74364593168266)
(254,-73.85905547067351,40.88239282715963)
(167,-73.90502042853323,40.82566879911504)
(155,-73.90199773984635,40.61324888898371)
(76,-73.8755373169671,40.65481957240651)
(52,-73.99623989621612,40.68651995745938)
(191,-73.74242883808012,40.716929521619335)
(55,-73.98796813993853,40.57539051485908)
(40,-73.99662564459295,40.67789943259295)
(61,-73.93557955031052,40.675122779212025)
(99,-74.20318115230641,40.56822867204138)
(163,-73.9787569469772,40.76556053479537)
(182,-73.85863371434993,40.83709465826657)
(125,-74.00891583848473,40.72575992769986)
(149,-73.94644375217577,40.605565242010876)
(87,-74.00555030731742,40.704632069846596)
(233,-73.97003765892363,40.74626783245889)
(83,-73.89288058490206,40.737891311667994)
(110,-74.12998068179232,40.540365552552764)
(205,-73.76427255413257,40.69287531816105)
(111,-73.99066289428563,40.653079177857045)
(177,-73.91202939695621,40.677068211293644)
(180,-73.84852847556859,40.67630724147049)
(103,-74.04577206414315,40.690330527725614)
(193,-73.93909312925491,40.76274259483616)
(4,-73.97520908904802,40.723853149707395)
(32,-73.86541526840392,40.862116079464556)
(246,-74.00811097157023,40.75010482577549)
(72,-73.92148188772553,40.652594021955636)
(71,-73.93595734017637,40.64276010509795)
(103,-74.04058459648623,40.69948902725996)
(91,-73.92937829673706,40.62812101710276)
(178,-73.97150439948601,40.61784697466657)
(16,-73.76797232853133,40.76281126316479)
(12,-74.01547738338618,40.70209109378635)
(189,-73.96813104653077,40.67670843935793)
(220,-73.9120494648936,40.88229527421792)
(235,-73.91715837221277,40.85413220003511)
(198,-73.9041678978622,40.70735961699393)
(207,-73.89765319869635,40.76376514860704)
(165,-73.95822171558687,40.62171533036947)
(66,-73.98768663646355,40.703132732532914)
(112,-73.95032554380066,40.734557059889276)
(232,-73.98295429854691,40.713593866942)
(144,-73.99667510082044,40.72097021682043)
(62,-73.9463289500483,40.66621642791928)
(152,-73.95613224835144,40.819640190628526)
(5,-74.18980260697641,40.55667805421754)
(150,-73.94123010827566,40.58124707174358)
(103,-74.0169586307648,40.690010651880876)
(126,-73.88912911814516,40.80736387590047)
(154,-73.91318907189748,40.596848164928446)
